$TYPE vec
$XDIM 150
$YDIM 1
$VEC_DIM 4
$NORMALISATION at.tuwien.ifs.somtoolbox.data.normalisation.MinMaxNormaliser
0.222222222222222 0.625 0.067796610169492 0.041666666666667 1
0.166666666666667 0.416666666666667 0.067796610169492 0.041666666666667 2
0.111111111111111 0.5 0.050847457627119 0.041666666666667 3
0.083333333333333 0.458333333333333 0.084745762711864 0.041666666666667 4
0.194444444444444 0.666666666666667 0.067796610169492 0.041666666666667 5
0.305555555555556 0.791666666666667 0.11864406779661 0.125 6
0.083333333333333 0.583333333333333 0.067796610169492 0.083333333333333 7
0.194444444444444 0.583333333333333 0.084745762711864 0.041666666666667 8
0.027777777777778 0.375 0.067796610169492 0.041666666666667 9
0.166666666666667 0.458333333333333 0.084745762711864 0 10
0.305555555555556 0.708333333333333 0.084745762711864 0.041666666666667 11
0.138888888888889 0.583333333333333 0.101694915254237 0.041666666666667 12
0.138888888888889 0.416666666666667 0.067796610169492 0 13
0 0.416666666666667 0.016949152542373 0 14
0.416666666666667 0.833333333333333 0.033898305084746 0.041666666666667 15
0.388888888888889 1 0.084745762711864 0.125 16
0.305555555555556 0.791666666666667 0.050847457627119 0.125 17
0.222222222222222 0.625 0.067796610169492 0.083333333333333 18
0.388888888888889 0.75 0.11864406779661 0.083333333333333 19
0.222222222222222 0.75 0.084745762711864 0.083333333333333 20
0.305555555555556 0.583333333333333 0.11864406779661 0.041666666666667 21
0.222222222222222 0.708333333333333 0.084745762711864 0.125 22
0.083333333333333 0.666666666666667 0 0.041666666666667 23
0.222222222222222 0.541666666666667 0.11864406779661 0.166666666666667 24
0.138888888888889 0.583333333333333 0.152542372881356 0.041666666666667 25
0.194444444444444 0.416666666666667 0.101694915254237 0.041666666666667 26
0.194444444444444 0.583333333333333 0.101694915254237 0.125 27
0.25 0.625 0.084745762711864 0.041666666666667 28
0.25 0.583333333333333 0.067796610169492 0.041666666666667 29
0.111111111111111 0.5 0.101694915254237 0.041666666666667 30
0.138888888888889 0.458333333333333 0.101694915254237 0.041666666666667 31
0.305555555555556 0.583333333333333 0.084745762711864 0.125 32
0.25 0.875 0.084745762711864 0 33
0.333333333333333 0.916666666666667 0.067796610169492 0.041666666666667 34
0.166666666666667 0.458333333333333 0.084745762711864 0 35
0.194444444444444 0.5 0.033898305084746 0.041666666666667 36
0.333333333333333 0.625 0.050847457627119 0.041666666666667 37
0.166666666666667 0.458333333333333 0.084745762711864 0 38
0.027777777777778 0.416666666666667 0.050847457627119 0.041666666666667 39
0.222222222222222 0.583333333333333 0.084745762711864 0.041666666666667 40
0.194444444444444 0.625 0.050847457627119 0.083333333333333 41
0.055555555555556 0.125 0.050847457627119 0.083333333333333 42
0.027777777777778 0.5 0.050847457627119 0.041666666666667 43
0.194444444444444 0.625 0.101694915254237 0.208333333333333 44
0.222222222222222 0.75 0.152542372881356 0.125 45
0.138888888888889 0.416666666666667 0.067796610169492 0.083333333333333 46
0.222222222222222 0.75 0.101694915254237 0.041666666666667 47
0.083333333333333 0.5 0.067796610169492 0.041666666666667 48
0.277777777777778 0.708333333333333 0.084745762711864 0.041666666666667 49
0.194444444444444 0.541666666666667 0.067796610169492 0.041666666666667 50
0.75 0.5 0.627118644067797 0.541666666666667 51
0.583333333333333 0.5 0.593220338983051 0.583333333333333 52
0.722222222222222 0.458333333333333 0.661016949152542 0.583333333333333 53
0.333333333333333 0.125 0.508474576271186 0.5 54
0.611111111111111 0.333333333333333 0.610169491525424 0.583333333333333 55
0.388888888888889 0.333333333333333 0.593220338983051 0.5 56
0.555555555555555 0.541666666666667 0.627118644067797 0.625 57
0.166666666666667 0.166666666666667 0.389830508474576 0.375 58
0.638888888888889 0.375 0.610169491525424 0.5 59
0.25 0.291666666666667 0.491525423728814 0.541666666666667 60
0.194444444444444 0 0.423728813559322 0.375 61
0.444444444444445 0.416666666666667 0.542372881355932 0.583333333333333 62
0.472222222222222 0.083333333333333 0.508474576271186 0.375 63
0.5 0.375 0.627118644067797 0.541666666666667 64
0.361111111111111 0.375 0.440677966101695 0.5 65
0.666666666666667 0.458333333333333 0.576271186440678 0.541666666666667 66
0.361111111111111 0.416666666666667 0.593220338983051 0.583333333333333 67
0.416666666666667 0.291666666666667 0.525423728813559 0.375 68
0.527777777777778 0.083333333333333 0.593220338983051 0.583333333333333 69
0.361111111111111 0.208333333333333 0.491525423728814 0.416666666666667 70
0.444444444444445 0.5 0.644067796610169 0.708333333333333 71
0.5 0.333333333333333 0.508474576271186 0.5 72
0.555555555555555 0.208333333333333 0.661016949152542 0.583333333333333 73
0.5 0.333333333333333 0.627118644067797 0.458333333333333 74
0.583333333333333 0.375 0.559322033898305 0.5 75
0.638888888888889 0.416666666666667 0.576271186440678 0.541666666666667 76
0.694444444444444 0.333333333333333 0.644067796610169 0.541666666666667 77
0.666666666666667 0.416666666666667 0.677966101694915 0.666666666666667 78
0.472222222222222 0.375 0.593220338983051 0.583333333333333 79
0.388888888888889 0.25 0.423728813559322 0.375 80
0.333333333333333 0.166666666666667 0.474576271186441 0.416666666666667 81
0.333333333333333 0.166666666666667 0.457627118644068 0.375 82
0.416666666666667 0.291666666666667 0.491525423728814 0.458333333333333 83
0.472222222222222 0.291666666666667 0.694915254237288 0.625 84
0.305555555555556 0.416666666666667 0.593220338983051 0.583333333333333 85
0.472222222222222 0.583333333333333 0.593220338983051 0.625 86
0.666666666666667 0.458333333333333 0.627118644067797 0.583333333333333 87
0.555555555555555 0.125 0.576271186440678 0.5 88
0.361111111111111 0.416666666666667 0.525423728813559 0.5 89
0.333333333333333 0.208333333333333 0.508474576271186 0.5 90
0.333333333333333 0.25 0.576271186440678 0.458333333333333 91
0.5 0.416666666666667 0.610169491525424 0.541666666666667 92
0.416666666666667 0.25 0.508474576271186 0.458333333333333 93
0.194444444444444 0.125 0.389830508474576 0.375 94
0.361111111111111 0.291666666666667 0.542372881355932 0.5 95
0.388888888888889 0.416666666666667 0.542372881355932 0.458333333333333 96
0.388888888888889 0.375 0.542372881355932 0.5 97
0.527777777777778 0.375 0.559322033898305 0.5 98
0.222222222222222 0.208333333333333 0.338983050847458 0.416666666666667 99
0.388888888888889 0.333333333333333 0.525423728813559 0.5 100
0.555555555555555 0.541666666666667 0.847457627118644 1 101
0.416666666666667 0.291666666666667 0.694915254237288 0.75 102
0.777777777777778 0.416666666666667 0.830508474576271 0.833333333333333 103
0.555555555555555 0.375 0.779661016949152 0.708333333333333 104
0.611111111111111 0.416666666666667 0.813559322033898 0.875 105
0.916666666666667 0.416666666666667 0.949152542372881 0.833333333333333 106
0.166666666666667 0.208333333333333 0.593220338983051 0.666666666666667 107
0.833333333333333 0.375 0.898305084745763 0.708333333333333 108
0.666666666666667 0.208333333333333 0.813559322033898 0.708333333333333 109
0.805555555555556 0.666666666666667 0.864406779661017 1 110
0.611111111111111 0.5 0.694915254237288 0.791666666666667 111
0.583333333333333 0.291666666666667 0.728813559322034 0.75 112
0.694444444444444 0.416666666666667 0.76271186440678 0.833333333333333 113
0.388888888888889 0.208333333333333 0.677966101694915 0.791666666666667 114
0.416666666666667 0.333333333333333 0.694915254237288 0.958333333333333 115
0.583333333333333 0.5 0.728813559322034 0.916666666666667 116
0.611111111111111 0.416666666666667 0.76271186440678 0.708333333333333 117
0.944444444444444 0.75 0.966101694915254 0.875 118
0.944444444444444 0.25 1 0.916666666666667 119
0.472222222222222 0.083333333333333 0.677966101694915 0.583333333333333 120
0.722222222222222 0.5 0.796610169491525 0.916666666666667 121
0.361111111111111 0.333333333333333 0.661016949152542 0.791666666666667 122
0.944444444444444 0.333333333333333 0.966101694915254 0.791666666666667 123
0.555555555555555 0.291666666666667 0.661016949152542 0.708333333333333 124
0.666666666666667 0.541666666666667 0.796610169491525 0.833333333333333 125
0.805555555555556 0.5 0.847457627118644 0.708333333333333 126
0.527777777777778 0.333333333333333 0.644067796610169 0.708333333333333 127
0.5 0.416666666666667 0.661016949152542 0.708333333333333 128
0.583333333333333 0.333333333333333 0.779661016949152 0.833333333333333 129
0.805555555555556 0.416666666666667 0.813559322033898 0.625 130
0.861111111111111 0.333333333333333 0.864406779661017 0.75 131
1 0.75 0.915254237288136 0.791666666666667 132
0.583333333333333 0.333333333333333 0.779661016949152 0.875 133
0.555555555555555 0.333333333333333 0.694915254237288 0.583333333333333 134
0.5 0.25 0.779661016949152 0.541666666666667 135
0.944444444444444 0.416666666666667 0.864406779661017 0.916666666666667 136
0.555555555555555 0.583333333333333 0.779661016949152 0.958333333333333 137
0.583333333333333 0.458333333333333 0.76271186440678 0.708333333333333 138
0.472222222222222 0.416666666666667 0.644067796610169 0.708333333333333 139
0.722222222222222 0.458333333333333 0.745762711864407 0.833333333333333 140
0.666666666666667 0.458333333333333 0.779661016949152 0.958333333333333 141
0.722222222222222 0.458333333333333 0.694915254237288 0.916666666666667 142
0.416666666666667 0.291666666666667 0.694915254237288 0.75 143
0.694444444444444 0.5 0.830508474576271 0.916666666666667 144
0.666666666666667 0.541666666666667 0.796610169491525 1 145
0.666666666666667 0.416666666666667 0.711864406779661 0.916666666666667 146
0.555555555555555 0.208333333333333 0.677966101694915 0.75 147
0.611111111111111 0.416666666666667 0.711864406779661 0.791666666666667 148
0.527777777777778 0.583333333333333 0.745762711864407 0.916666666666667 149
0.444444444444445 0.416666666666667 0.694915254237288 0.708333333333333 150
